0 0 0.25
0 0 0.25
0 0 0.25
0 0 0.25

0 0 0.25
0 0 0.25
0 0 0.25
0 0 0.25

C 4 0.25
C 4 0.25
C 4 0.25
D 4 0.25

E 4 0.5
D 4 0.5

C 4 0.25
E 4 0.25
D 4 0.25
D 4 0.25

C 4 0.75
0 0 0.25

C 4 0.25
C 4 0.25
C 4 0.25
D 4 0.25

E 4 0.5
D 4 0.5

C 4 0.25
E 4 0.25
D 4 0.25
D 4 0.25

C 4 0.75
0 0 0.25

D 4 0.25
D 4 0.25
D 4 0.25
D 4 0.25

A 3 0.5
A 3 0.5

D 4 0.25
C 4 0.25
B 3 0.25
A 3 0.25

G 3 0.75
0 0 0.25

C 4 0.25
C 4 0.25
C 4 0.25
D 4 0.25

E 4 0.5
D 4 0.5

C 4 0.25
E 4 0.25
D 4 0.25
D 4 0.25

C 4 0.75
0 0 0.25