G 5 0.125
C 5 0.125
DS 5 0.0625
F 5 0.0625
G 5 0.125
C 5 0.125
DS 5 0.0625
F 5 0.0625

G 5 0.125
C 5 0.125
DS 5 0.0625
F 5 0.0625
G 5 0.125
C 5 0.125
DS 5 0.0625
F 5 0.0625

G 5 0.125
C 5 0.125
E 5 0.0625
F 5 0.0625
G 5 0.125
C 5 0.125
E 5 0.0625
F 5 0.0625

G 5 0.125
C 5 0.125
E 5 0.0625
F 5 0.0625
G 5 0.125
C 5 0.125
E 5 0.0625
F 5 0.0625

0 0 0.25
0 0 0.25
0 0 0.25

0 0 0.25
0 0 0.25
0 0 0.25

D 5 0.125
G 4 0.125
AS 4 0.0625
C 5 0.0625
D 5 0.125
G 4 0.125
AS 4 0.0625
C 5 0.0625

D 5 0.125
G 4 0.125
AS 4 0.0625
C 5 0.0625
D 5 0.125
G 4 0.125
AS 4 0.0625
C 5 0.0625

0 0 0.25
0 0 0.25
0 0 0.25

0 0 0.25
0 0 0.25
0 0 0.25

C 5 0.125
G 4 0.125
AB 4 0.0625
B 4 0.0625
C 5 0.125
G 4 0.125
AB 4 0.0625
B 4 0.0625

C 5 0.125
G 4 0.125
AB 4 0.0625
B 4 0.0625
C 5 0.125
G 4 0.125
AB 4 0.0625
B 4 0.0625

0 0 0.25
0 0 0.25
0 0 0.25

0 0 0.25
0 0 0.25
0 0 0.25

D 5 0.125
G 4 0.125
BB 4 0.0625
A 4 0.0625
D 5 0.125
G 4 0.125
BB 4 0.0625
A 4 0.0625

D 5 0.125
G 4 0.125
BB 4 0.0625
A 4 0.0625
D 5 0.125
G 4 0.125
BB 4 0.0625
A 4 0.0625